sparsegrid	351	3	7	nonhierarchized	voigt
1	1	1	1	1	1	5.606891e-01	1.090270e-01	0.000000e+00	5.606891e-01	0.000000e+00	1.008487e-01	7.500000e-01
2	1	1	1	1	1	2.955348e-01	5.292425e-02	0.000000e+00	5.186334e-01	0.000000e+00	3.276440e-02	6.250000e-01
2	3	1	1	1	1	8.377575e-01	1.749231e-01	0.000000e+00	6.354126e-01	0.000000e+00	1.977879e-01	8.750000e-01
3	1	1	1	1	1	1.632229e-01	2.743130e-02	0.000000e+00	5.069358e-01	0.000000e+00	8.039333e-03	5.625000e-01
3	3	1	1	1	1	4.267507e-01	7.986298e-02	0.000000e+00	5.360755e-01	0.000000e+00	6.418552e-02	6.875000e-01
3	5	1	1	1	1	6.981868e-01	1.409245e-01	0.000000e+00	5.937376e-01	0.000000e+00	1.449081e-01	8.125000e-01
3	7	1	1	1	1	9.703688e-01	2.066735e-01	0.000000e+00	6.850319e-01	0.000000e+00	2.583257e-01	9.375000e-01
4	1	1	1	1	1	9.151892e-02	1.469064e-02	0.000000e+00	5.029861e-01	0.000000e+00	1.443083e-03	5.312500e-01
4	3	1	1	1	1	2.300653e-01	4.005961e-02	0.000000e+00	5.121238e-01	0.000000e+00	1.911093e-02	5.937500e-01
4	5	1	1	1	1	3.609155e-01	6.615871e-02	0.000000e+00	5.265616e-01	0.000000e+00	4.789568e-02	6.562500e-01
4	7	1	1	1	1	4.932957e-01	9.412605e-02	0.000000e+00	5.473867e-01	0.000000e+00	8.174235e-02	7.187500e-01
4	9	1	1	1	1	6.289987e-01	1.246252e-01	0.000000e+00	5.761186e-01	0.000000e+00	1.218184e-01	7.812500e-01
4	11	1	1	1	1	7.679985e-01	1.578051e-01	0.000000e+00	6.135311e-01	0.000000e+00	1.702485e-01	8.437500e-01
4	13	1	1	1	1	9.060580e-01	1.915918e-01	0.000000e+00	6.592580e-01	0.000000e+00	2.272721e-01	9.062500e-01
4	15	1	1	1	1	1.026552e+00	2.184969e-01	0.000000e+00	7.131958e-01	0.000000e+00	2.908447e-01	9.687500e-01
5	1	1	1	1	1	5.070634e-02	7.911053e-03	0.000000e+00	5.014200e-01	0.000000e+00	2.189370e-04	5.156250e-01
5	3	1	1	1	1	1.283835e-01	2.111915e-02	0.000000e+00	5.048135e-01	0.000000e+00	4.062139e-03	5.468750e-01
5	5	1	1	1	1	1.969500e-01	3.372823e-02	0.000000e+00	5.093691e-01	0.000000e+00	1.314509e-02	5.781250e-01
5	7	1	1	1	1	2.628654e-01	4.645253e-02	0.000000e+00	5.152087e-01	0.000000e+00	2.570647e-02	6.093750e-01
5	9	1	1	1	1	3.281923e-01	5.948875e-02	0.000000e+00	5.224115e-01	0.000000e+00	4.017927e-02	6.406250e-01
5	11	1	1	1	1	3.937564e-01	7.294635e-02	0.000000e+00	5.311074e-01	0.000000e+00	5.589539e-02	6.718750e-01
5	13	1	1	1	1	4.599241e-01	8.691950e-02	0.000000e+00	5.414933e-01	0.000000e+00	7.278994e-02	7.031250e-01
5	15	1	1	1	1	5.268805e-01	1.014924e-01	0.000000e+00	5.537789e-01	0.000000e+00	9.108181e-02	7.343750e-01
5	17	1	1	1	1	5.947284e-01	1.167368e-01	0.000000e+00	5.681323e-01	0.000000e+00	1.110825e-01	7.656250e-01
5	19	1	1	1	1	6.634919e-01	1.326908e-01	0.000000e+00	5.846536e-01	0.000000e+00	1.330865e-01	7.968750e-01
5	21	1	1	1	1	7.330441e-01	1.493071e-01	0.000000e+00	6.033665e-01	0.000000e+00	1.572955e-01	8.281250e-01
5	23	1	1	1	1	8.029511e-01	1.663679e-01	0.000000e+00	6.242186e-01	0.000000e+00	1.837547e-01	8.593750e-01
5	25	1	1	1	1	8.722168e-01	1.833732e-01	0.000000e+00	6.470967e-01	0.000000e+00	2.123097e-01	8.906250e-01
5	27	1	1	1	1	9.389263e-01	1.994220e-01	0.000000e+00	6.718954e-01	0.000000e+00	2.426245e-01	9.218750e-01
5	29	1	1	1	1	9.998164e-01	2.131216e-01	0.000000e+00	6.987406e-01	0.000000e+00	2.743696e-01	9.531250e-01
5	31	1	1	1	1	1.049620e+00	2.224444e-01	0.000000e+00	7.288316e-01	0.000000e+00	3.081451e-01	9.843750e-01
1	1	2	1	1	1	5.186334e-01	5.292425e-02	0.000000e+00	2.955348e-01	0.000000e+00	3.276440e-02	6.250000e-01
1	1	2	3	1	1	6.354126e-01	1.749231e-01	0.000000e+00	8.377575e-01	0.000000e+00	1.977879e-01	8.750000e-01
1	1	3	1	1	1	5.069358e-01	2.743130e-02	0.000000e+00	1.632229e-01	0.000000e+00	8.039333e-03	5.625000e-01
1	1	3	3	1	1	5.360755e-01	7.986298e-02	0.000000e+00	4.267507e-01	0.000000e+00	6.418552e-02	6.875000e-01
1	1	3	5	1	1	5.937376e-01	1.409245e-01	0.000000e+00	6.981868e-01	0.000000e+00	1.449081e-01	8.125000e-01
1	1	3	7	1	1	6.850319e-01	2.066735e-01	0.000000e+00	9.703688e-01	0.000000e+00	2.583257e-01	9.375000e-01
1	1	4	1	1	1	5.029861e-01	1.469064e-02	0.000000e+00	9.151892e-02	0.000000e+00	1.443083e-03	5.312500e-01
1	1	4	3	1	1	5.121238e-01	4.005961e-02	0.000000e+00	2.300653e-01	0.000000e+00	1.911093e-02	5.937500e-01
1	1	4	5	1	1	5.265616e-01	6.615871e-02	0.000000e+00	3.609155e-01	0.000000e+00	4.789568e-02	6.562500e-01
1	1	4	7	1	1	5.473867e-01	9.412605e-02	0.000000e+00	4.932957e-01	0.000000e+00	8.174235e-02	7.187500e-01
1	1	4	9	1	1	5.761186e-01	1.246252e-01	0.000000e+00	6.289987e-01	0.000000e+00	1.218184e-01	7.812500e-01
1	1	4	11	1	1	6.135311e-01	1.578051e-01	0.000000e+00	7.679985e-01	0.000000e+00	1.702485e-01	8.437500e-01
1	1	4	13	1	1	6.592580e-01	1.915918e-01	0.000000e+00	9.060580e-01	0.000000e+00	2.272721e-01	9.062500e-01
1	1	4	15	1	1	7.131958e-01	2.184969e-01	0.000000e+00	1.026552e+00	0.000000e+00	2.908447e-01	9.687500e-01
1	1	5	1	1	1	5.014200e-01	7.911053e-03	0.000000e+00	5.070634e-02	0.000000e+00	2.189370e-04	5.156250e-01
1	1	5	3	1	1	5.048135e-01	2.111915e-02	0.000000e+00	1.283835e-01	0.000000e+00	4.062139e-03	5.468750e-01
1	1	5	5	1	1	5.093691e-01	3.372823e-02	0.000000e+00	1.969500e-01	0.000000e+00	1.314509e-02	5.781250e-01
1	1	5	7	1	1	5.152087e-01	4.645253e-02	0.000000e+00	2.628654e-01	0.000000e+00	2.570647e-02	6.093750e-01
1	1	5	9	1	1	5.224115e-01	5.948875e-02	0.000000e+00	3.281923e-01	0.000000e+00	4.017927e-02	6.406250e-01
1	1	5	11	1	1	5.311074e-01	7.294635e-02	0.000000e+00	3.937564e-01	0.000000e+00	5.589539e-02	6.718750e-01
1	1	5	13	1	1	5.414933e-01	8.691950e-02	0.000000e+00	4.599241e-01	0.000000e+00	7.278994e-02	7.031250e-01
1	1	5	15	1	1	5.537789e-01	1.014924e-01	0.000000e+00	5.268805e-01	0.000000e+00	9.108181e-02	7.343750e-01
1	1	5	17	1	1	5.681323e-01	1.167368e-01	0.000000e+00	5.947284e-01	0.000000e+00	1.110825e-01	7.656250e-01
1	1	5	19	1	1	5.846536e-01	1.326908e-01	0.000000e+00	6.634919e-01	0.000000e+00	1.330865e-01	7.968750e-01
1	1	5	21	1	1	6.033665e-01	1.493071e-01	0.000000e+00	7.330441e-01	0.000000e+00	1.572955e-01	8.281250e-01
1	1	5	23	1	1	6.242186e-01	1.663679e-01	0.000000e+00	8.029511e-01	0.000000e+00	1.837547e-01	8.593750e-01
1	1	5	25	1	1	6.470967e-01	1.833732e-01	0.000000e+00	8.722168e-01	0.000000e+00	2.123097e-01	8.906250e-01
1	1	5	27	1	1	6.718954e-01	1.994220e-01	0.000000e+00	9.389263e-01	0.000000e+00	2.426245e-01	9.218750e-01
1	1	5	29	1	1	6.987406e-01	2.131216e-01	0.000000e+00	9.998164e-01	0.000000e+00	2.743696e-01	9.531250e-01
1	1	5	31	1	1	7.288316e-01	2.224444e-01	0.000000e+00	1.049620e+00	0.000000e+00	3.081451e-01	9.843750e-01
2	1	2	1	1	1	2.617821e-01	2.457665e-02	0.000000e+00	2.617821e-01	0.000000e+00	1.014697e-02	4.375000e-01
2	1	2	3	1	1	3.612524e-01	9.349936e-02	0.000000e+00	7.834396e-01	0.000000e+00	9.306328e-02	8.125000e-01
2	1	3	1	1	1	2.534331e-01	1.204286e-02	0.000000e+00	1.350042e-01	0.000000e+00	2.663286e-03	3.437500e-01
2	1	3	3	1	1	2.755692e-01	3.789188e-02	0.000000e+00	3.894891e-01	0.000000e+00	1.945269e-02	5.312500e-01
2	1	3	5	1	1	3.232491e-01	7.090776e-02	0.000000e+00	6.496493e-01	0.000000e+00	5.470896e-02	7.187500e-01
2	1	3	7	1	1	4.122260e-01	1.216886e-01	0.000000e+00	9.205109e-01	0.000000e+00	1.583097e-01	9.062500e-01
2	1	4	1	1	1	2.511340e-01	5.969109e-03	0.000000e+00	7.077235e-02	0.000000e+00	4.660221e-04	2.968750e-01
2	1	4	3	1	1	2.569606e-01	1.825138e-02	0.000000e+00	1.983590e-01	0.000000e+00	6.149577e-03	3.906250e-01
2	1	4	5	1	1	2.679620e-01	3.108637e-02	0.000000e+00	3.254741e-01	0.000000e+00	1.450484e-02	4.843750e-01
2	1	4	7	1	1	2.847058e-01	4.512339e-02	0.000000e+00	4.538613e-01	0.000000e+00	2.537429e-02	5.781250e-01
2	1	4	9	1	1	3.082857e-01	6.145586e-02	0.000000e+00	5.838663e-01	0.000000e+00	4.226240e-02	6.718750e-01
2	1	4	11	1	1	3.407739e-01	8.150649e-02	0.000000e+00	7.161147e-01	0.000000e+00	7.119624e-02	7.656250e-01
2	1	4	13	1	1	3.850392e-01	1.070285e-01	0.000000e+00	8.517349e-01	0.000000e+00	1.217375e-01	8.593750e-01
2	1	4	15	1	1	4.424374e-01	1.355175e-01	0.000000e+00	9.871115e-01	0.000000e+00	2.031580e-01	9.531250e-01
2	3	2	1	1	1	7.834396e-01	9.349936e-02	0.000000e+00	3.612524e-01	0.000000e+00	9.306328e-02	8.125000e-01
2	3	2	3	1	1	9.083758e-01	2.530622e-01	0.000000e+00	9.083758e-01	0.000000e+00	2.914735e-01	9.375000e-01
2	3	3	1	1	1	7.654066e-01	5.355145e-02	0.000000e+00	2.190770e-01	0.000000e+00	3.360675e-02	7.812500e-01
2	3	3	3	1	1	8.078344e-01	1.339433e-01	0.000000e+00	4.975514e-01	0.000000e+00	1.474133e-01	8.437500e-01
2	3	3	5	1	1	8.717281e-01	2.154611e-01	0.000000e+00	7.745261e-01	0.000000e+00	2.459038e-01	9.062500e-01
2	3	3	7	1	1	9.468513e-01	2.828273e-01	0.000000e+00	1.022016e+00	0.000000e+00	3.328719e-01	9.687500e-01
2	3	4	1	1	1	7.581611e-01	3.193510e-02	0.000000e+00	1.353689e-01	0.000000e+00	8.281784e-03	7.656250e-01
2	3	4	3	1	1	7.736747e-01	7.358424e-02	0.000000e+00	2.919696e-01	0.000000e+00	6.365485e-02	7.968750e-01
2	3	4	5	1	1	7.948549e-01	1.136198e-01	0.000000e+00	4.294133e-01	0.000000e+00	1.209113e-01	8.281250e-01
2	3	4	7	1	1	8.221992e-01	1.544065e-01	0.000000e+00	5.661753e-01	0.000000e+00	1.729425e-01	8.593750e-01
2	3	4	9	1	1	8.543258e-01	1.953533e-01	0.000000e+00	7.050544e-01	0.000000e+00	2.221025e-01	8.906250e-01
2	3	4	11	1	1	8.897953e-01	2.348752e-01	0.000000e+00	8.428150e-01	0.000000e+00	2.690911e-01	9.218750e-01
2	3	4	13	1	1	9.273742e-01	2.693237e-01	0.000000e+00	9.690476e-01	0.000000e+00	3.128105e-01	9.531250e-01
2	3	4	15	1	1	9.673183e-01	2.926595e-01	0.000000e+00	1.063785e+00	0.000000e+00	3.515783e-01	9.843750e-01
3	1	2	1	1	1	1.350042e-01	1.204286e-02	0.000000e+00	2.534331e-01	0.000000e+00	2.663286e-03	3.437500e-01
3	1	2	3	1	1	2.190770e-01	5.355145e-02	0.000000e+00	7.654066e-01	0.000000e+00	3.360675e-02	7.812500e-01
3	1	3	1	1	1	1.276911e-01	5.926675e-03	0.000000e+00	1.276911e-01	0.000000e+00	1.108574e-03	2.343750e-01
3	1	3	3	1	1	1.467012e-01	1.895187e-02	0.000000e+00	3.797840e-01	0.000000e+00	4.582467e-03	4.531250e-01
3	1	3	5	1	1	1.862222e-01	3.843813e-02	0.000000e+00	6.352542e-01	0.000000e+00	1.540137e-02	6.718750e-01
3	1	3	7	1	1	2.683972e-01	7.580308e-02	0.000000e+00	8.987753e-01	0.000000e+00	8.455082e-02	8.906250e-01
3	3	2	1	1	1	3.894891e-01	3.789188e-02	0.000000e+00	2.755692e-01	0.000000e+00	1.945269e-02	5.312500e-01
3	3	2	3	1	1	4.975514e-01	1.339433e-01	0.000000e+00	8.078344e-01	0.000000e+00	1.474133e-01	8.437500e-01
3	3	3	1	1	1	3.797840e-01	1.895187e-02	0.000000e+00	1.467012e-01	0.000000e+00	4.582467e-03	4.531250e-01
3	3	3	3	1	1	4.047609e-01	5.792655e-02	0.000000e+00	4.047609e-01	0.000000e+00	3.908790e-02	6.093750e-01
3	3	3	5	1	1	4.571833e-01	1.048984e-01	0.000000e+00	6.702603e-01	0.000000e+00	9.876642e-02	7.656250e-01
3	3	3	7	1	1	5.481030e-01	1.646968e-01	0.000000e+00	9.447817e-01	0.000000e+00	2.125652e-01	9.218750e-01
3	5	2	1	1	1	6.496493e-01	7.090776e-02	0.000000e+00	3.232491e-01	0.000000e+00	5.470896e-02	7.187500e-01
3	5	2	3	1	1	7.745261e-01	2.154611e-01	0.000000e+00	8.717281e-01	0.000000e+00	2.459038e-01	9.062500e-01
3	5	3	1	1	1	6.352542e-01	3.843813e-02	0.000000e+00	1.862222e-01	0.000000e+00	1.540137e-02	6.718750e-01
3	5	3	3	1	1	6.702603e-01	1.048984e-01	0.000000e+00	4.571833e-01	0.000000e+00	9.876642e-02	7.656250e-01
3	5	3	5	1	1	7.332765e-01	1.784316e-01	0.000000e+00	7.332765e-01	0.000000e+00	1.940430e-01	8.593750e-01
3	5	3	7	1	1	8.210077e-01	2.469854e-01	0.000000e+00	9.964400e-01	0.000000e+00	2.984280e-01	9.531250e-01
3	7	2	1	1	1	9.205109e-01	1.216886e-01	0.000000e+00	4.122260e-01	0.000000e+00	1.583097e-01	9.062500e-01
3	7	2	3	1	1	1.022016e+00	2.828273e-01	0.000000e+00	9.468513e-01	0.000000e+00	3.328719e-01	9.687500e-01
3	7	3	1	1	1	8.987753e-01	7.580308e-02	0.000000e+00	2.683972e-01	0.000000e+00	8.455082e-02	8.906250e-01
3	7	3	3	1	1	9.447817e-01	1.646968e-01	0.000000e+00	5.481030e-01	0.000000e+00	2.125652e-01	9.218750e-01
3	7	3	5	1	1	9.964400e-01	2.469854e-01	0.000000e+00	8.210077e-01	0.000000e+00	2.984280e-01	9.531250e-01
3	7	3	7	1	1	1.046136e+00	3.094302e-01	0.000000e+00	1.046136e+00	0.000000e+00	3.606284e-01	9.843750e-01
4	1	2	1	1	1	7.077235e-02	5.969109e-03	0.000000e+00	2.511340e-01	0.000000e+00	4.660221e-04	2.968750e-01
4	1	2	3	1	1	1.353689e-01	3.193510e-02	0.000000e+00	7.581611e-01	0.000000e+00	8.281784e-03	7.656250e-01
4	3	2	1	1	1	1.983590e-01	1.825138e-02	0.000000e+00	2.569606e-01	0.000000e+00	6.149577e-03	3.906250e-01
4	3	2	3	1	1	2.919696e-01	7.358424e-02	0.000000e+00	7.736747e-01	0.000000e+00	6.365485e-02	7.968750e-01
4	5	2	1	1	1	3.254741e-01	3.108637e-02	0.000000e+00	2.679620e-01	0.000000e+00	1.450484e-02	4.843750e-01
4	5	2	3	1	1	4.294133e-01	1.136198e-01	0.000000e+00	7.948549e-01	0.000000e+00	1.209113e-01	8.281250e-01
4	7	2	1	1	1	4.538613e-01	4.512339e-02	0.000000e+00	2.847058e-01	0.000000e+00	2.537429e-02	5.781250e-01
4	7	2	3	1	1	5.661753e-01	1.544065e-01	0.000000e+00	8.221992e-01	0.000000e+00	1.729425e-01	8.593750e-01
4	9	2	1	1	1	5.838663e-01	6.145586e-02	0.000000e+00	3.082857e-01	0.000000e+00	4.226240e-02	6.718750e-01
4	9	2	3	1	1	7.050544e-01	1.953533e-01	0.000000e+00	8.543258e-01	0.000000e+00	2.221025e-01	8.906250e-01
4	11	2	1	1	1	7.161147e-01	8.150649e-02	0.000000e+00	3.407739e-01	0.000000e+00	7.119624e-02	7.656250e-01
4	11	2	3	1	1	8.428150e-01	2.348752e-01	0.000000e+00	8.897953e-01	0.000000e+00	2.690911e-01	9.218750e-01
4	13	2	1	1	1	8.517349e-01	1.070285e-01	0.000000e+00	3.850392e-01	0.000000e+00	1.217375e-01	8.593750e-01
4	13	2	3	1	1	9.690476e-01	2.693237e-01	0.000000e+00	9.273742e-01	0.000000e+00	3.128105e-01	9.531250e-01
4	15	2	1	1	1	9.871115e-01	1.355175e-01	0.000000e+00	4.424374e-01	0.000000e+00	2.031580e-01	9.531250e-01
4	15	2	3	1	1	1.063785e+00	2.926595e-01	0.000000e+00	9.673183e-01	0.000000e+00	3.515783e-01	9.843750e-01
1	1	1	1	2	1	5.956047e-01	9.173317e-02	9.694448e-02	2.476322e-01	1.179945e-01	1.514978e-01	7.500000e-01
1	1	1	1	2	3	5.956047e-01	9.173323e-02	-9.694446e-02	2.476325e-01	-1.179946e-01	1.514978e-01	7.500000e-01
1	1	1	1	3	1	6.679195e-01	5.129037e-02	1.220543e-01	2.843396e-02	4.842994e-02	1.101057e-01	7.500000e-01
1	1	1	1	3	3	5.666307e-01	1.111699e-01	4.385371e-02	4.519537e-01	1.068583e-01	1.332121e-01	7.500000e-01
1	1	1	1	3	5	5.666307e-01	1.111699e-01	-4.385371e-02	4.519537e-01	-1.068583e-01	1.332121e-01	7.500000e-01
1	1	1	1	3	7	6.679195e-01	5.129037e-02	-1.220543e-01	2.843396e-02	-4.842994e-02	1.101057e-01	7.500000e-01
1	1	1	1	4	1	7.230359e-01	1.735357e-02	8.640908e-02	2.115371e-03	7.812713e-03	3.831070e-02	7.500000e-01
1	1	1	1	4	3	6.240398e-01	7.409861e-02	1.130156e-01	1.246273e-01	1.020727e-01	1.426300e-01	7.500000e-01
1	1	1	1	4	5	5.767971e-01	1.063423e-01	7.124593e-02	3.526896e-01	1.206376e-01	1.511602e-01	7.500000e-01
1	1	1	1	4	7	5.619929e-01	1.101631e-01	2.023848e-02	5.303365e-01	6.439623e-02	1.107690e-01	7.500000e-01
1	1	1	1	4	9	5.619929e-01	1.101631e-01	-2.023848e-02	5.303365e-01	-6.439623e-02	1.107690e-01	7.500000e-01
1	1	1	1	4	11	5.767971e-01	1.063423e-01	-7.124593e-02	3.526896e-01	-1.206376e-01	1.511602e-01	7.500000e-01
1	1	1	1	4	13	6.240398e-01	7.409861e-02	-1.130156e-01	1.246273e-01	-1.020727e-01	1.426300e-01	7.500000e-01
1	1	1	1	4	15	7.230359e-01	1.735357e-02	-8.640908e-02	2.115371e-03	-7.812713e-03	3.831070e-02	7.500000e-01
1	1	1	1	5	1	7.429887e-01	4.800457e-03	4.768140e-02	4.244547e-04	1.035823e-03	1.046009e-02	7.500000e-01
1	1	1	1	5	3	6.961660e-01	3.369936e-02	1.100012e-01	9.182044e-03	2.334674e-02	7.330182e-02	7.500000e-01
1	1	1	1	5	5	6.427230e-01	6.499769e-02	1.190641e-01	6.727798e-02	7.858093e-02	1.335077e-01	7.500000e-01
1	1	1	1	5	7	6.086750e-01	8.254132e-02	1.061851e-01	1.884372e-01	1.136483e-01	1.472286e-01	7.500000e-01
1	1	1	1	5	9	5.849599e-01	1.001691e-01	8.492367e-02	3.012855e-01	1.202274e-01	1.536061e-01	7.500000e-01
1	1	1	1	5	11	5.708302e-01	1.098696e-01	5.725033e-02	4.033295e-01	1.169334e-01	1.438835e-01	7.500000e-01
1	1	1	1	5	13	5.637925e-01	1.109990e-01	3.149539e-02	4.955315e-01	8.926940e-02	1.213799e-01	7.500000e-01
1	1	1	1	5	15	5.610038e-01	1.093517e-01	9.872273e-03	5.528784e-01	3.377931e-02	1.034542e-01	7.500000e-01
1	1	1	1	5	17	5.610038e-01	1.093517e-01	-9.872273e-03	5.528784e-01	-3.377931e-02	1.034542e-01	7.500000e-01
1	1	1	1	5	19	5.637925e-01	1.109990e-01	-3.149539e-02	4.955315e-01	-8.926940e-02	1.213799e-01	7.500000e-01
1	1	1	1	5	21	5.708302e-01	1.098696e-01	-5.725033e-02	4.033295e-01	-1.169334e-01	1.438835e-01	7.500000e-01
1	1	1	1	5	23	5.849599e-01	1.001691e-01	-8.492367e-02	3.012855e-01	-1.202274e-01	1.536061e-01	7.500000e-01
1	1	1	1	5	25	6.086750e-01	8.254132e-02	-1.061851e-01	1.884372e-01	-1.136483e-01	1.472286e-01	7.500000e-01
1	1	1	1	5	27	6.427230e-01	6.499769e-02	-1.190641e-01	6.727798e-02	-7.858093e-02	1.335077e-01	7.500000e-01
1	1	1	1	5	29	6.961660e-01	3.369936e-02	-1.100012e-01	9.182044e-03	-2.334674e-02	7.330182e-02	7.500000e-01
1	1	1	1	5	31	7.429887e-01	4.800457e-03	-4.768140e-02	4.244547e-04	-1.035823e-03	1.046009e-02	7.500000e-01
2	1	1	1	2	1	3.691904e-01	1.037285e-01	1.100383e-01	1.507601e-01	1.210343e-01	1.352889e-01	6.250000e-01
2	1	1	1	2	3	3.691903e-01	1.037285e-01	-1.100383e-01	1.507603e-01	-1.210343e-01	1.352889e-01	6.250000e-01
2	1	1	1	3	1	5.094408e-01	5.446984e-02	1.312736e-01	1.575501e-02	3.228073e-02	7.447170e-02	6.250000e-01
2	1	1	1	3	3	3.059071e-01	8.273429e-02	3.606928e-02	3.849014e-01	1.386328e-01	8.565916e-02	6.250000e-01
2	1	1	1	3	5	3.059071e-01	8.273429e-02	-3.606928e-02	3.849014e-01	-1.386328e-01	8.565916e-02	6.250000e-01
2	1	1	1	3	7	5.094408e-01	5.446984e-02	-1.312736e-01	1.575501e-02	-3.228073e-02	7.447170e-02	6.250000e-01
2	1	1	1	4	1	5.908225e-01	1.787331e-02	8.968448e-02	1.163891e-03	5.135300e-03	2.561281e-02	6.250000e-01
2	1	1	1	4	3	4.331696e-01	8.656623e-02	1.355614e-01	6.551645e-02	7.677515e-02	1.164128e-01	6.250000e-01
2	1	1	1	4	5	3.275229e-01	1.011648e-01	7.109864e-02	2.633700e-01	1.483329e-01	1.220414e-01	6.250000e-01
2	1	1	1	4	7	2.974413e-01	6.190672e-02	1.314757e-02	4.814912e-01	8.457425e-02	4.839006e-02	6.250000e-01
2	1	1	1	4	9	2.974413e-01	6.190672e-02	-1.314757e-02	4.814912e-01	-8.457425e-02	4.839006e-02	6.250000e-01
2	1	1	1	4	11	3.275229e-01	1.011648e-01	-7.109864e-02	2.633700e-01	-1.483329e-01	1.220414e-01	6.250000e-01
2	1	1	1	4	13	4.331696e-01	8.656623e-02	-1.355614e-01	6.551645e-02	-7.677515e-02	1.164128e-01	6.250000e-01
2	1	1	1	4	15	5.908225e-01	1.787331e-02	-8.968448e-02	1.163891e-03	-5.135300e-03	2.561281e-02	6.250000e-01
2	3	1	1	2	1	8.351226e-01	1.384546e-01	6.249538e-02	4.651861e-01	8.422327e-02	2.039680e-01	8.750000e-01
2	3	1	1	2	3	8.351227e-01	1.384548e-01	-6.249535e-02	4.651867e-01	-8.422321e-02	2.039681e-01	8.750000e-01
2	3	1	1	3	1	8.364444e-01	5.521251e-02	9.402671e-02	1.337705e-01	8.361163e-02	1.666484e-01	8.750000e-01
2	3	1	1	3	3	8.372882e-01	1.675185e-01	2.857983e-02	5.769585e-01	5.501029e-02	2.102863e-01	8.750000e-01
2	3	1	1	3	5	8.372882e-01	1.675185e-01	-2.857983e-02	5.769585e-01	-5.501029e-02	2.102863e-01	8.750000e-01
2	3	1	1	3	7	8.364444e-01	5.521251e-02	-9.402671e-02	1.337705e-01	-8.361163e-02	1.666484e-01	8.750000e-01
2	3	1	1	4	1	8.568056e-01	1.734504e-02	7.748562e-02	1.056844e-02	1.722376e-02	7.705973e-02	8.750000e-01
2	3	1	1	4	3	8.336543e-01	1.060983e-01	8.127326e-02	3.269176e-01	1.012838e-01	1.988204e-01	8.750000e-01
2	3	1	1	4	5	8.365223e-01	1.573836e-01	4.431843e-02	5.283865e-01	6.596811e-02	2.126958e-01	8.750000e-01
2	3	1	1	4	7	8.376471e-01	1.730652e-01	1.414538e-02	6.185576e-01	3.316471e-02	2.019580e-01	8.750000e-01
2	3	1	1	4	9	8.376471e-01	1.730652e-01	-1.414538e-02	6.185576e-01	-3.316471e-02	2.019580e-01	8.750000e-01
2	3	1	1	4	11	8.365223e-01	1.573836e-01	-4.431843e-02	5.283865e-01	-6.596811e-02	2.126958e-01	8.750000e-01
2	3	1	1	4	13	8.336543e-01	1.060983e-01	-8.127326e-02	3.269176e-01	-1.012838e-01	1.988204e-01	8.750000e-01
2	3	1	1	4	15	8.568056e-01	1.734504e-02	-7.748562e-02	1.056844e-02	-1.722376e-02	7.705973e-02	8.750000e-01
3	1	1	1	2	1	2.569515e-01	1.138881e-01	1.141810e-01	1.309526e-01	1.244999e-01	1.290675e-01	5.625000e-01
3	1	1	1	2	3	2.569515e-01	1.138881e-01	-1.141809e-01	1.309527e-01	-1.245000e-01	1.290675e-01	5.625000e-01
3	1	1	1	3	1	4.355855e-01	5.739466e-02	1.396040e-01	1.269043e-02	2.801384e-02	6.711852e-02	5.625000e-01
3	1	1	1	3	3	1.742670e-01	7.264726e-02	2.994319e-02	3.692088e-01	1.483429e-01	6.829817e-02	5.625000e-01
3	1	1	1	3	5	1.742670e-01	7.264726e-02	-2.994319e-02	3.692088e-01	-1.483429e-01	6.829817e-02	5.625000e-01
3	1	1	1	3	7	4.355855e-01	5.739466e-02	-1.396040e-01	1.269043e-02	-2.801384e-02	6.711852e-02	5.625000e-01
3	3	1	1	2	1	4.830418e-01	9.471672e-02	1.047918e-01	1.872150e-01	1.191081e-01	1.416318e-01	6.875000e-01
3	3	1	1	2	3	4.830418e-01	9.471675e-02	-1.047917e-01	1.872154e-01	-1.191081e-01	1.416318e-01	6.875000e-01
3	3	1	1	3	1	5.858961e-01	5.302853e-02	1.259587e-01	2.070011e-02	3.999183e-02	9.093122e-02	6.875000e-01
3	3	1	1	3	3	4.357757e-01	9.460815e-02	4.181612e-02	4.116202e-01	1.248076e-01	1.073288e-01	6.875000e-01
3	3	1	1	3	5	4.357757e-01	9.460815e-02	-4.181612e-02	4.116202e-01	-1.248076e-01	1.073288e-01	6.875000e-01
3	3	1	1	3	7	5.858961e-01	5.302853e-02	-1.259587e-01	2.070011e-02	-3.999183e-02	9.093122e-02	6.875000e-01
3	5	1	1	2	1	7.103321e-01	1.030889e-01	8.508946e-02	3.392920e-01	1.106449e-01	1.696686e-01	8.125000e-01
3	5	1	1	2	3	7.103321e-01	1.030890e-01	-8.508943e-02	3.392925e-01	-1.106449e-01	1.696687e-01	8.125000e-01
3	5	1	1	3	1	7.502188e-01	4.766221e-02	1.107868e-01	4.891062e-02	6.057061e-02	1.310702e-01	8.125000e-01
3	5	1	1	3	3	7.002193e-01	1.352716e-01	3.988643e-02	5.077226e-01	8.357438e-02	1.665634e-01	8.125000e-01
3	5	1	1	3	5	7.002193e-01	1.352716e-01	-3.988643e-02	5.077226e-01	-8.357438e-02	1.665634e-01	8.125000e-01
3	5	1	1	3	7	7.502188e-01	4.766221e-02	-1.107868e-01	4.891062e-02	-6.057061e-02	1.310702e-01	8.125000e-01
3	7	1	1	2	1	9.668971e-01	1.887856e-01	2.707787e-02	6.073378e-01	4.001523e-02	2.588762e-01	9.375000e-01
3	7	1	1	2	3	9.668972e-01	1.887858e-01	-2.707781e-02	6.073385e-01	-4.001514e-02	2.588764e-01	9.375000e-01
3	7	1	1	3	1	9.556002e-01	1.381070e-01	5.021289e-02	4.306597e-01	5.548923e-02	2.342107e-01	9.375000e-01
3	7	1	1	3	3	9.695403e-01	2.014258e-01	1.251339e-02	6.539548e-01	2.499423e-02	2.641358e-01	9.375000e-01
3	7	1	1	3	5	9.695403e-01	2.014258e-01	-1.251339e-02	6.539548e-01	-2.499423e-02	2.641358e-01	9.375000e-01
3	7	1	1	3	7	9.556002e-01	1.381070e-01	-5.021289e-02	4.306597e-01	-5.548923e-02	2.342107e-01	9.375000e-01
4	1	1	1	2	1	1.993334e-01	1.184637e-01	1.181537e-01	1.265211e-01	1.254842e-01	1.263599e-01	5.312500e-01
4	1	1	1	2	3	1.993333e-01	1.184637e-01	-1.181537e-01	1.265212e-01	-1.254843e-01	1.263599e-01	5.312500e-01
4	3	1	1	2	1	3.126338e-01	1.089512e-01	1.119111e-01	1.391032e-01	1.226999e-01	1.322594e-01	5.937500e-01
4	3	1	1	2	3	3.126337e-01	1.089512e-01	-1.119111e-01	1.391034e-01	-1.227000e-01	1.322594e-01	5.937500e-01
4	5	1	1	2	1	4.262421e-01	9.880814e-02	1.077431e-01	1.664521e-01	1.198236e-01	1.382744e-01	6.562500e-01
4	5	1	1	2	3	4.262420e-01	9.880817e-02	-1.077431e-01	1.664525e-01	-1.198236e-01	1.382744e-01	6.562500e-01
4	7	1	1	2	1	5.393978e-01	9.206520e-02	1.011970e-01	2.139930e-01	1.186957e-01	1.458620e-01	7.187500e-01
4	7	1	1	2	3	5.393978e-01	9.206525e-02	-1.011970e-01	2.139935e-01	-1.186958e-01	1.458620e-01	7.187500e-01
4	9	1	1	2	1	6.522714e-01	9.492079e-02	9.179336e-02	2.890792e-01	1.158735e-01	1.591547e-01	7.812500e-01
4	9	1	1	2	3	6.522714e-01	9.492087e-02	-9.179334e-02	2.890796e-01	-1.158735e-01	1.591548e-01	7.812500e-01
4	11	1	1	2	1	7.710032e-01	1.175646e-01	7.570031e-02	3.985265e-01	1.004273e-01	1.842054e-01	8.437500e-01
4	11	1	1	2	3	7.710032e-01	1.175648e-01	-7.570027e-02	3.985271e-01	-1.004272e-01	1.842054e-01	8.437500e-01
4	13	1	1	2	1	9.016830e-01	1.635183e-01	4.557582e-02	5.358243e-01	6.313762e-02	2.292551e-01	9.062500e-01
4	13	1	1	2	3	9.016831e-01	1.635185e-01	-4.557577e-02	5.358250e-01	-6.313754e-02	2.292552e-01	9.062500e-01
4	15	1	1	2	1	1.024888e+00	2.105177e-01	1.040218e-02	6.788644e-01	1.769574e-02	2.912249e-01	9.687500e-01
4	15	1	1	2	3	1.024888e+00	2.105179e-01	-1.040213e-02	6.788651e-01	-1.769566e-02	2.912250e-01	9.687500e-01
1	1	2	1	2	1	5.430528e-01	5.020351e-02	5.242815e-02	9.610371e-02	7.495363e-02	7.961034e-02	6.250000e-01
1	1	2	1	2	3	5.430528e-01	5.020353e-02	-5.242813e-02	9.610382e-02	-7.495365e-02	7.961035e-02	6.250000e-01
1	1	2	1	3	1	5.871551e-01	2.760176e-02	6.619545e-02	1.075605e-02	2.351809e-02	5.576915e-02	6.250000e-01
1	1	2	1	3	3	5.238908e-01	5.481514e-02	2.525344e-02	2.275054e-01	7.337034e-02	5.520923e-02	6.250000e-01
1	1	2	1	3	5	5.238908e-01	5.481514e-02	-2.525344e-02	2.275054e-01	-7.337034e-02	5.520923e-02	6.250000e-01
1	1	2	1	3	7	5.871551e-01	2.760176e-02	-6.619545e-02	1.075605e-02	-2.351809e-02	5.576915e-02	6.250000e-01
1	1	2	1	4	1	6.135113e-01	8.888182e-03	4.435759e-02	9.241916e-04	3.737517e-03	1.865294e-02	6.250000e-01
1	1	2	1	4	3	5.603156e-01	4.183765e-02	6.267208e-02	4.206518e-02	5.213990e-02	7.614599e-02	6.250000e-01
1	1	2	1	4	5	5.313779e-01	5.418981e-02	3.931870e-02	1.622595e-01	8.350080e-02	7.116271e-02	6.250000e-01
1	1	2	1	4	7	5.198711e-01	5.366279e-02	1.202914e-02	2.768920e-01	4.343523e-02	3.940514e-02	6.250000e-01
1	1	2	1	4	9	5.198711e-01	5.366279e-02	-1.202914e-02	2.768920e-01	-4.343523e-02	3.940514e-02	6.250000e-01
1	1	2	1	4	11	5.313779e-01	5.418981e-02	-3.931870e-02	1.622595e-01	-8.350080e-02	7.116271e-02	6.250000e-01
1	1	2	1	4	13	5.603156e-01	4.183765e-02	-6.267208e-02	4.206518e-02	-5.213990e-02	7.614599e-02	6.250000e-01
1	1	2	1	4	15	6.135113e-01	8.888182e-03	-4.435759e-02	9.241916e-04	-3.737517e-03	1.865294e-02	6.250000e-01
1	1	2	3	2	1	6.584841e-01	1.391371e-01	1.309623e-01	4.896936e-01	1.433715e-01	2.301668e-01	8.750000e-01
1	1	2	3	2	3	6.584841e-01	1.391372e-01	-1.309622e-01	4.896941e-01	-1.433715e-01	2.301668e-01	8.750000e-01
1	1	2	3	3	1	7.498199e-01	7.106395e-02	1.698126e-01	6.765528e-02	7.716925e-02	1.651659e-01	8.750000e-01
1	1	2	3	3	3	6.376395e-01	1.777961e-01	5.221800e-02	7.303871e-01	1.080120e-01	2.238277e-01	8.750000e-01
1	1	2	3	3	5	6.376395e-01	1.777961e-01	-5.221800e-02	7.303871e-01	-1.080120e-01	2.238277e-01	8.750000e-01
1	1	2	3	3	7	7.498199e-01	7.106395e-02	-1.698126e-01	6.765528e-02	-7.716925e-02	1.651659e-01	8.750000e-01
1	1	2	3	4	1	8.306348e-01	2.543196e-02	1.265294e-01	3.898230e-03	1.256176e-02	5.987422e-02	8.750000e-01
1	1	2	3	4	3	6.963682e-01	1.001032e-01	1.569523e-01	2.714234e-01	1.482538e-01	2.129240e-01	8.750000e-01
1	1	2	3	4	5	6.427753e-01	1.696639e-01	8.922104e-02	6.248490e-01	1.294683e-01	2.371107e-01	8.750000e-01
1	1	2	3	4	7	6.358534e-01	1.764184e-01	2.360185e-02	8.083455e-01	6.310558e-02	2.057377e-01	8.750000e-01
1	1	2	3	4	9	6.358534e-01	1.764184e-01	-2.360185e-02	8.083455e-01	-6.310558e-02	2.057377e-01	8.750000e-01
1	1	2	3	4	11	6.427753e-01	1.696639e-01	-8.922104e-02	6.248490e-01	-1.294683e-01	2.371107e-01	8.750000e-01
1	1	2	3	4	13	6.963682e-01	1.001032e-01	-1.569523e-01	2.714234e-01	-1.482538e-01	2.129240e-01	8.750000e-01
1	1	2	3	4	15	8.306348e-01	2.543196e-02	-1.265294e-01	3.898230e-03	-1.256176e-02	5.987422e-02	8.750000e-01
1	1	3	1	2	1	5.213405e-01	2.884874e-02	2.913787e-02	4.746403e-02	4.413293e-02	4.457098e-02	5.625000e-01
1	1	3	1	2	3	5.213405e-01	2.884874e-02	-2.913786e-02	4.746406e-02	-4.413294e-02	4.457098e-02	5.625000e-01
1	1	3	1	3	1	5.454890e-01	1.462376e-02	3.518255e-02	5.147049e-03	1.197371e-02	2.875152e-02	5.625000e-01
1	1	3	1	3	3	5.099931e-01	2.973182e-02	1.304110e-02	1.232343e-01	4.621563e-02	2.423666e-02	5.625000e-01
1	1	3	1	3	5	5.099931e-01	2.973182e-02	-1.304110e-02	1.232343e-01	-4.621563e-02	2.423666e-02	5.625000e-01
1	1	3	1	3	7	5.454890e-01	1.462376e-02	-3.518255e-02	5.147049e-03	-1.197371e-02	2.875152e-02	5.625000e-01
1	1	3	3	2	1	5.679870e-01	7.025956e-02	7.509789e-02	1.601168e-01	9.899052e-02	1.145796e-01	6.875000e-01
1	1	3	3	2	3	5.679869e-01	7.025960e-02	-7.509787e-02	1.601171e-01	-9.899055e-02	1.145796e-01	6.875000e-01
1	1	3	3	3	1	6.276481e-01	3.978485e-02	9.502457e-02	1.806847e-02	3.557664e-02	8.278371e-02	6.875000e-01
1	1	3	3	3	3	5.424071e-01	8.144341e-02	3.600376e-02	3.348555e-01	9.341677e-02	9.242921e-02	6.875000e-01
1	1	3	3	3	5	5.424071e-01	8.144341e-02	-3.600376e-02	3.348555e-01	-9.341677e-02	9.242921e-02	6.875000e-01
1	1	3	3	3	7	6.276481e-01	3.978485e-02	-9.502457e-02	1.806847e-02	-3.557664e-02	8.278371e-02	6.875000e-01
1	1	3	5	2	1	6.254627e-01	1.153805e-01	1.162246e-01	3.605375e-01	1.328106e-01	1.902416e-01	8.125000e-01
1	1	3	5	2	3	6.254627e-01	1.153806e-01	-1.162246e-01	3.605380e-01	-1.328106e-01	1.902416e-01	8.125000e-01
1	1	3	5	3	1	7.085367e-01	6.191701e-02	1.471498e-01	4.384671e-02	6.218109e-02	1.375961e-01	8.125000e-01
1	1	3	5	3	3	5.981688e-01	1.441188e-01	4.883094e-02	5.838137e-01	1.119294e-01	1.770834e-01	8.125000e-01
1	1	3	5	3	5	5.981688e-01	1.441188e-01	-4.883094e-02	5.838137e-01	-1.119294e-01	1.770834e-01	8.125000e-01
1	1	3	5	3	7	7.085367e-01	6.191701e-02	-1.471498e-01	4.384671e-02	-6.218109e-02	1.375961e-01	8.125000e-01
1	1	3	7	2	1	6.972185e-01	1.583357e-01	1.393241e-01	6.225441e-01	1.473236e-01	2.704299e-01	9.375000e-01
1	1	3	7	2	3	6.972185e-01	1.583357e-01	-1.393240e-01	6.225447e-01	-1.473236e-01	2.704300e-01	9.375000e-01
1	1	3	7	3	1	7.919382e-01	7.699781e-02	1.888399e-01	1.048088e-01	9.402999e-02	1.929956e-01	9.375000e-01
1	1	3	7	3	3	6.851278e-01	2.056797e-01	5.536669e-02	8.788924e-01	9.606987e-02	2.730295e-01	9.375000e-01
1	1	3	7	3	5	6.851278e-01	2.056797e-01	-5.536669e-02	8.788924e-01	-9.606987e-02	2.730295e-01	9.375000e-01
1	1	3	7	3	7	7.919382e-01	7.699781e-02	-1.888399e-01	1.048088e-01	-9.402999e-02	1.929956e-01	9.375000e-01
1	1	4	1	2	1	5.111981e-01	1.618976e-02	1.620440e-02	2.539083e-02	2.487425e-02	2.490643e-02	5.312500e-01
1	1	4	1	2	3	5.111981e-01	1.618976e-02	-1.620439e-02	2.539084e-02	-2.487425e-02	2.490643e-02	5.312500e-01
1	1	4	3	2	1	5.318218e-01	3.993123e-02	4.096773e-02	7.045295e-02	6.056544e-02	6.238501e-02	5.937500e-01
1	1	4	3	2	3	5.318217e-01	3.993123e-02	-4.096772e-02	7.045301e-02	-6.056546e-02	6.238501e-02	5.937500e-01
1	1	4	5	2	1	5.551272e-01	6.018304e-02	6.379521e-02	1.256259e-01	8.768045e-02	9.689882e-02	6.562500e-01
1	1	4	5	2	3	5.551272e-01	6.018307e-02	-6.379520e-02	1.256260e-01	-8.768048e-02	9.689884e-02	6.562500e-01
1	1	4	7	2	1	5.815135e-01	8.071726e-02	8.621660e-02	2.005707e-01	1.090547e-01	1.327785e-01	7.187500e-01
1	1	4	7	2	3	5.815135e-01	8.071731e-02	-8.621659e-02	2.005710e-01	-1.090547e-01	1.327785e-01	7.187500e-01
1	1	4	9	2	1	6.102317e-01	1.033409e-01	1.070325e-01	3.012544e-01	1.258976e-01	1.706788e-01	7.812500e-01
1	1	4	9	2	3	6.102317e-01	1.033410e-01	-1.070325e-01	3.012548e-01	-1.258976e-01	1.706788e-01	7.812500e-01
1	1	4	11	2	1	6.414619e-01	1.274880e-01	1.242773e-01	4.239339e-01	1.386965e-01	2.101019e-01	8.437500e-01
1	1	4	11	2	3	6.414618e-01	1.274881e-01	-1.242773e-01	4.239345e-01	-1.386965e-01	2.101019e-01	8.437500e-01
1	1	4	13	2	1	6.768899e-01	1.496845e-01	1.360569e-01	5.562682e-01	1.464528e-01	2.503228e-01	9.062500e-01
1	1	4	13	2	3	6.768899e-01	1.496846e-01	-1.360568e-01	5.562688e-01	-1.464528e-01	2.503228e-01	9.062500e-01
1	1	4	15	2	1	7.205045e-01	1.638302e-01	1.404605e-01	6.880661e-01	1.450521e-01	2.903482e-01	9.687500e-01
1	1	4	15	2	3	7.205045e-01	1.638303e-01	-1.404604e-01	6.880667e-01	-1.450520e-01	2.903483e-01	9.687500e-01
2	1	2	1	2	1	3.053153e-01	5.421594e-02	5.642788e-02	6.986416e-02	6.484130e-02	6.709038e-02	4.375000e-01
2	1	2	1	2	3	3.053152e-01	5.421595e-02	-5.642787e-02	6.986424e-02	-6.484133e-02	6.709039e-02	4.375000e-01
2	1	2	1	3	1	3.775650e-01	2.760777e-02	6.654119e-02	6.689055e-03	1.546240e-02	3.699627e-02	4.375000e-01
2	1	2	1	3	3	2.685773e-01	4.119680e-02	1.899705e-02	1.925615e-01	7.469702e-02	3.892861e-02	4.375000e-01
2	1	2	1	3	5	2.685773e-01	4.119680e-02	-1.899705e-02	1.925615e-01	-7.469702e-02	3.892861e-02	4.375000e-01
2	1	2	1	3	7	3.775650e-01	2.760777e-02	-6.654119e-02	6.689055e-03	-1.546240e-02	3.699627e-02	4.375000e-01
2	1	2	3	2	1	4.458504e-01	1.474367e-01	1.577275e-01	2.988316e-01	1.660263e-01	2.063709e-01	8.125000e-01
2	1	2	3	2	3	4.458504e-01	1.474367e-01	-1.577274e-01	2.988317e-01	-1.660263e-01	2.063709e-01	8.125000e-01
2	1	2	3	3	1	6.461450e-01	8.050817e-02	1.976325e-01	3.174103e-02	5.530183e-02	1.209187e-01	8.125000e-01
2	1	2	3	3	3	3.723103e-01	1.291312e-01	5.237894e-02	6.125348e-01	1.744732e-01	1.530918e-01	8.125000e-01
2	1	2	3	3	5	3.723103e-01	1.291312e-01	-5.237894e-02	6.125348e-01	-1.744732e-01	1.530918e-01	8.125000e-01
2	1	2	3	3	7	6.461450e-01	8.050817e-02	-1.976325e-01	3.174103e-02	-5.530183e-02	1.209187e-01	8.125000e-01
2	1	3	1	2	1	2.763497e-01	2.859846e-02	2.893726e-02	3.544755e-02	3.454453e-02	3.476083e-02	3.437500e-01
2	1	3	1	2	3	2.763497e-01	2.859846e-02	-2.893725e-02	3.544759e-02	-3.454455e-02	3.476084e-02	3.437500e-01
2	1	3	3	2	1	3.363937e-01	7.930419e-02	8.390833e-02	1.072045e-01	9.377867e-02	1.006926e-01	5.312500e-01
2	1	3	3	2	3	3.363937e-01	7.930421e-02	-8.390830e-02	1.072046e-01	-9.377871e-02	1.006927e-01	5.312500e-01
2	1	3	5	2	1	4.052409e-01	1.271147e-01	1.345977e-01	2.091061e-01	1.453771e-01	1.706020e-01	7.187500e-01
2	1	3	5	2	3	4.052409e-01	1.271148e-01	-1.345977e-01	2.091065e-01	-1.453771e-01	1.706021e-01	7.187500e-01
2	1	3	7	2	1	4.932669e-01	1.578300e-01	1.789738e-01	4.239948e-01	1.841727e-01	2.424310e-01	9.062500e-01
2	1	3	7	2	3	4.932668e-01	1.578300e-01	-1.789738e-01	4.239950e-01	-1.841727e-01	2.424310e-01	9.062500e-01
2	3	2	1	2	1	7.843631e-01	6.211102e-02	4.757736e-02	1.934004e-01	8.340562e-02	1.121854e-01	8.125000e-01
2	3	2	1	2	3	7.843631e-01	6.211112e-02	-4.757735e-02	1.934008e-01	-8.340561e-02	1.121854e-01	8.125000e-01
2	3	2	1	3	1	7.942383e-01	2.554427e-02	5.718549e-02	2.715510e-02	4.074236e-02	9.160585e-02	8.125000e-01
2	3	2	1	3	3	7.832663e-01	8.494885e-02	2.521202e-02	3.100206e-01	5.684652e-02	1.038157e-01	8.125000e-01
2	3	2	1	3	5	7.832663e-01	8.494885e-02	-2.521202e-02	3.100206e-01	-5.684652e-02	1.038157e-01	8.125000e-01
2	3	2	1	3	7	7.942383e-01	2.554427e-02	-5.718549e-02	2.715510e-02	-4.074236e-02	9.160585e-02	8.125000e-01
2	3	2	3	2	1	9.027620e-01	2.167905e-01	6.270527e-02	7.403580e-01	7.566822e-02	2.909867e-01	9.375000e-01
2	3	2	3	2	3	9.027620e-01	2.167907e-01	-6.270519e-02	7.403587e-01	-7.566814e-02	2.909868e-01	9.375000e-01
2	3	2	3	3	1	8.923272e-01	1.122143e-01	1.112406e-01	3.694777e-01	9.979778e-02	2.379571e-01	9.375000e-01
2	3	2	3	3	3	9.072909e-01	2.484199e-01	2.593065e-02	8.629147e-01	4.466798e-02	2.977840e-01	9.375000e-01
2	3	2	3	3	5	9.072909e-01	2.484199e-01	-2.593065e-02	8.629147e-01	-4.466798e-02	2.977840e-01	9.375000e-01
2	3	2	3	3	7	8.923272e-01	1.122143e-01	-1.112406e-01	3.694777e-01	-9.979778e-02	2.379571e-01	9.375000e-01
2	3	3	1	2	1	7.675100e-01	3.352054e-02	3.104172e-02	8.461657e-02	6.248421e-02	6.670748e-02	7.812500e-01
2	3	3	1	2	3	7.675100e-01	3.352058e-02	-3.104172e-02	8.461674e-02	-6.248424e-02	6.670750e-02	7.812500e-01
2	3	3	3	2	1	8.066925e-01	9.800799e-02	5.747586e-02	3.267205e-01	8.653805e-02	1.577389e-01	8.437500e-01
2	3	3	3	2	3	8.066925e-01	9.800815e-02	-5.747583e-02	3.267210e-01	-8.653800e-02	1.577390e-01	8.437500e-01
2	3	3	5	2	1	8.676423e-01	1.788651e-01	6.420410e-02	6.034121e-01	8.101102e-02	2.489493e-01	9.062500e-01
2	3	3	5	2	3	8.676423e-01	1.788653e-01	-6.420403e-02	6.034128e-01	-8.101094e-02	2.489494e-01	9.062500e-01
2	3	3	7	2	1	9.401623e-01	2.493514e-01	5.743273e-02	8.713271e-01	6.534197e-02	3.283257e-01	9.687500e-01
2	3	3	7	2	3	9.401624e-01	2.493516e-01	-5.743263e-02	8.713278e-01	-6.534186e-02	3.283258e-01	9.687500e-01
3	1	2	1	2	1	1.858770e-01	5.807367e-02	5.877011e-02	6.444459e-02	6.304751e-02	6.423406e-02	3.437500e-01
3	1	2	1	2	3	1.858769e-01	5.807368e-02	-5.877010e-02	6.444465e-02	-6.304753e-02	6.423407e-02	3.437500e-01
3	1	2	3	2	1	3.432862e-01	1.663816e-01	1.654842e-01	2.207804e-01	1.796540e-01	1.972223e-01	7.812500e-01
3	1	2	3	2	3	3.432862e-01	1.663816e-01	-1.654841e-01	2.207808e-01	-1.796540e-01	1.972224e-01	7.812500e-01
3	3	2	1	2	1	4.240272e-01	5.143694e-02	5.411415e-02	7.941986e-02	6.892212e-02	7.193782e-02	5.312500e-01
3	3	2	1	2	3	4.240272e-01	5.143696e-02	-5.411413e-02	7.941997e-02	-6.892215e-02	7.193783e-02	5.312500e-01
3	3	2	3	2	1	5.499559e-01	1.349614e-01	1.479301e-01	3.884960e-01	1.570098e-01	2.156836e-01	8.437500e-01
3	3	2	3	2	3	5.499558e-01	1.349614e-01	-1.479300e-01	3.884962e-01	-1.570099e-01	2.156836e-01	8.437500e-01
3	5	2	1	2	1	6.627116e-01	5.180491e-02	5.098793e-02	1.275909e-01	8.206502e-02	9.161171e-02	7.187500e-01
3	5	2	1	2	3	6.627116e-01	5.180494e-02	-5.098791e-02	1.275911e-01	-8.206504e-02	9.161172e-02	7.187500e-01
3	5	2	3	2	1	7.760250e-01	1.677743e-01	1.025879e-01	6.076198e-01	1.166882e-01	2.547189e-01	9.062500e-01
3	5	2	3	2	3	7.760250e-01	1.677744e-01	-1.025878e-01	6.076204e-01	-1.166881e-01	2.547189e-01	9.062500e-01
3	7	2	1	2	1	9.161196e-01	1.005918e-01	2.993699e-02	3.294981e-01	5.181188e-02	1.600204e-01	9.062500e-01
3	7	2	1	2	3	9.161196e-01	1.005920e-01	-2.993693e-02	3.294988e-01	-5.181177e-02	1.600205e-01	9.062500e-01
3	7	2	3	2	1	1.018916e+00	2.670898e-01	2.258326e-02	8.751571e-01	3.120240e-02	3.321770e-01	9.687500e-01
3	7	2	3	2	3	1.018916e+00	2.670900e-01	-2.258321e-02	8.751578e-01	-3.120231e-02	3.321771e-01	9.687500e-01
