  10   10   0.000000e+00 0.000000e+00 0.000000e+00 0.000000e+00 
  0   0 1.098901e-06 3.296703e-07 1.098901e-06 3.846154e-07
  1   0 1.000010e-01 3.878473e-07 1.292824e-06 4.524886e-07
  0   1 1.292824e-06 3.878473e-07 1.000010e-01 4.524886e-07
  1   1 1.042006e-01 4.647200e-03 1.042006e-01 8.824052e-04
  2   0 2.000009e-01 4.395602e-07 1.465201e-06 5.128204e-07
  0   2 1.465201e-06 4.395602e-07 2.000009e-01 5.128204e-07
  2   1 2.047718e-01 9.044893e-03 1.103331e-01 1.925367e-03
  1   2 1.103331e-01 9.044893e-03 2.047718e-01 1.925367e-03
  2   2 2.120059e-01 1.786331e-02 2.120059e-01 6.281070e-03
  3   0 3.000009e-01 5.071847e-07 1.690616e-06 5.917157e-07
  0   3 1.690616e-06 5.071847e-07 3.000009e-01 5.917157e-07
  3   1 3.055836e-01 1.378670e-02 1.188293e-01 3.066660e-03
  1   3 1.188293e-01 1.378670e-02 3.055836e-01 3.066660e-03
  3   2 3.136435e-01 2.697878e-02 2.224536e-01 1.139831e-02
  2   3 2.224536e-01 2.697878e-02 3.136435e-01 1.139831e-02
  3   3 3.251069e-01 4.054023e-02 3.251069e-01 2.232936e-02
  4   0 4.000008e-01 5.993999e-07 1.998000e-06 6.993002e-07
  0   4 1.998000e-06 5.993999e-07 4.000008e-01 6.993002e-07
  4   1 4.068191e-01 1.929655e-02 1.299804e-01 4.807404e-03
  1   4 1.299804e-01 1.929655e-02 4.068191e-01 4.807404e-03
  4   2 4.159928e-01 3.690942e-02 2.364272e-01 1.799755e-02
  2   4 2.364272e-01 3.690942e-02 4.159928e-01 1.799755e-02
  4   3 4.285994e-01 5.494955e-02 3.404279e-01 3.567886e-02
  3   4 3.404279e-01 5.494955e-02 4.285994e-01 3.567886e-02
  4   4 4.452086e-01 7.397622e-02 4.452086e-01 5.653319e-02
  5   0 5.000007e-01 7.325995e-07 2.441999e-06 8.546998e-07
  0   5 2.441999e-06 7.325995e-07 5.000007e-01 8.546998e-07
  5   1 5.086212e-01 2.601811e-02 1.444931e-01 7.865802e-03
  1   5 1.444931e-01 2.601811e-02 5.086212e-01 7.865802e-03
  5   2 5.192742e-01 4.824842e-02 2.545403e-01 2.778814e-02
  2   5 2.545403e-01 4.824842e-02 5.192742e-01 2.778814e-02
  5   3 5.333830e-01 7.083764e-02 3.603197e-01 5.326707e-02
  3   5 3.603197e-01 7.083764e-02 5.333830e-01 5.326707e-02
  5   4 5.516623e-01 9.456623e-02 4.666550e-01 8.182799e-02
  4   5 4.666550e-01 9.456623e-02 5.516623e-01 8.182799e-02
  5   5 5.749098e-01 1.198231e-01 5.749098e-01 1.140591e-01
  6   0 6.000007e-01 9.419129e-07 3.139710e-06 1.098900e-06
  0   6 3.139710e-06 9.419129e-07 6.000007e-01 1.098900e-06
  6   1 6.112235e-01 3.456481e-02 1.636743e-01 1.380274e-02
  1   6 1.636743e-01 3.456481e-02 6.112235e-01 1.380274e-02
  6   2 6.237590e-01 6.170829e-02 2.779130e-01 4.349652e-02
  2   6 2.779130e-01 6.170829e-02 6.237590e-01 4.349652e-02
  6   3 6.398247e-01 8.894838e-02 3.858262e-01 7.776214e-02
  3   6 3.858262e-01 8.894838e-02 6.398247e-01 7.776214e-02
  6   4 6.602379e-01 1.172679e-01 4.938155e-01 1.134937e-01
  4   6 4.938155e-01 1.172679e-01 6.602379e-01 1.134937e-01
  6   5 6.853958e-01 1.467321e-01 6.036101e-01 1.510026e-01
  5   6 6.036101e-01 1.467321e-01 6.853958e-01 1.510026e-01
  6   6 7.151895e-01 1.770078e-01 7.151895e-01 1.907517e-01
  7   0 7.000007e-01 1.318676e-06 4.395589e-06 1.538457e-06
  0   7 4.395589e-06 1.318676e-06 7.000007e-01 1.538457e-06
  7   1 7.150275e-01 4.592542e-02 1.898101e-01 2.651379e-02
  1   7 1.898101e-01 4.592542e-02 7.150275e-01 2.651379e-02
  7   2 7.299022e-01 7.825669e-02 3.082680e-01 6.962148e-02
  2   7 3.082680e-01 7.825669e-02 7.299022e-01 6.962148e-02
  7   3 7.483856e-01 1.100351e-01 4.181203e-01 1.123330e-01
  3   7 4.181203e-01 1.100351e-01 7.483856e-01 1.123330e-01
  7   4 7.709300e-01 1.422562e-01 5.272776e-01 1.531552e-01
  4   7 5.272776e-01 1.422562e-01 7.709300e-01 1.531552e-01
  7   5 7.971978e-01 1.747833e-01 6.377934e-01 1.930544e-01
  5   7 6.377934e-01 1.747833e-01 7.971978e-01 1.930544e-01
  7   6 8.265942e-01 2.070544e-01 7.491988e-01 2.324727e-01
  6   7 7.491988e-01 2.070544e-01 8.265942e-01 2.324727e-01
  7   7 8.585021e-01 2.377639e-01 8.585021e-01 2.710319e-01
  8   0 8.000009e-01 2.197787e-06 7.325958e-06 2.564087e-06
  0   8 7.325958e-06 2.197787e-06 8.000009e-01 2.564087e-06
  8   1 8.207735e-01 6.186740e-02 2.270423e-01 5.590732e-02
  1   8 2.270423e-01 6.186740e-02 8.207735e-01 5.590732e-02
  8   2 8.383591e-01 9.904498e-02 3.478775e-01 1.125383e-01
  2   8 3.478775e-01 9.904498e-02 8.383591e-01 1.125383e-01
  8   3 8.588218e-01 1.340669e-01 4.581205e-01 1.596388e-01
  3   8 4.581205e-01 1.340669e-01 8.588218e-01 1.596388e-01
  8   4 8.817752e-01 1.683338e-01 5.672446e-01 2.011970e-01
  4   8 5.672446e-01 1.683338e-01 8.817752e-01 2.011970e-01
  8   5 9.065637e-01 2.020188e-01 6.773350e-01 2.394357e-01
  5   8 6.773350e-01 2.020188e-01 9.065637e-01 2.394357e-01
  8   6 9.325961e-01 2.345650e-01 7.871729e-01 2.750253e-01
  6   8 7.871729e-01 2.345650e-01 9.325961e-01 2.750253e-01
  8   7 9.593248e-01 2.645413e-01 8.926598e-01 3.077098e-01
  7   8 8.926598e-01 2.645413e-01 9.593248e-01 3.077098e-01
  8   8 9.864646e-01 2.896013e-01 9.864646e-01 3.367267e-01
  9   0 9.000021e-01 6.593258e-06 2.197753e-05 7.692137e-06
  0   9 2.197753e-05 6.593258e-06 9.000021e-01 7.692137e-06
  9   1 9.296562e-01 8.530673e-02 2.830337e-01 1.206920e-01
  1   9 2.830337e-01 8.530673e-02 9.296562e-01 1.206920e-01
  9   2 9.478551e-01 1.233238e-01 3.993910e-01 1.770816e-01
  2   9 3.993910e-01 1.233238e-01 9.478551e-01 1.770816e-01
  9   3 9.663295e-01 1.579717e-01 5.075744e-01 2.198484e-01
  3   9 5.075744e-01 1.579717e-01 9.663295e-01 2.198484e-01
  9   4 9.851461e-01 1.916302e-01 6.157667e-01 2.562502e-01
  4   9 6.157667e-01 1.916302e-01 9.851461e-01 2.562502e-01
  9   5 1.004127e+00 2.245865e-01 7.246740e-01 2.884240e-01
  5   9 7.246740e-01 2.245865e-01 1.004127e+00 2.884240e-01
  9   6 1.022931e+00 2.560599e-01 8.317068e-01 3.168314e-01
  6   9 8.317068e-01 2.560599e-01 1.022931e+00 3.168314e-01
  9   7 1.041065e+00 2.843684e-01 9.314358e-01 3.412319e-01
  7   9 9.314358e-01 2.843684e-01 1.041065e+00 3.412319e-01
  9   8 1.058046e+00 3.070862e-01 1.015660e+00 3.610811e-01
  8   9 1.015660e+00 3.070862e-01 1.058046e+00 3.610811e-01
  9   9 1.074294e+00 3.216964e-01 1.074294e+00 3.756325e-01
 10   0 1.098901e+00 3.296703e-01 1.098901e+00 3.846154e-01
  0  10 1.098901e+00 3.296703e-01 1.098901e+00 3.846154e-01
 10   1 1.098901e+00 3.296703e-01 1.098901e+00 3.846154e-01
  1  10 1.098901e+00 3.296703e-01 1.098901e+00 3.846154e-01
 10   2 1.098901e+00 3.296703e-01 1.098901e+00 3.846154e-01
  2  10 1.098901e+00 3.296703e-01 1.098901e+00 3.846154e-01
 10   3 1.098901e+00 3.296703e-01 1.098901e+00 3.846154e-01
  3  10 1.098901e+00 3.296703e-01 1.098901e+00 3.846154e-01
 10   4 1.098901e+00 3.296703e-01 1.098901e+00 3.846154e-01
  4  10 1.098901e+00 3.296703e-01 1.098901e+00 3.846154e-01
 10   5 1.098901e+00 3.296703e-01 1.098901e+00 3.846154e-01
  5  10 1.098901e+00 3.296703e-01 1.098901e+00 3.846154e-01
 10   6 1.098901e+00 3.296703e-01 1.098901e+00 3.846154e-01
  6  10 1.098901e+00 3.296703e-01 1.098901e+00 3.846154e-01
 10   7 1.098901e+00 3.296703e-01 1.098901e+00 3.846154e-01
  7  10 1.098901e+00 3.296703e-01 1.098901e+00 3.846154e-01
 10   8 1.098901e+00 3.296703e-01 1.098901e+00 3.846154e-01
  8  10 1.098901e+00 3.296703e-01 1.098901e+00 3.846154e-01
 10   9 1.098901e+00 3.296703e-01 1.098901e+00 3.846154e-01
  9  10 1.098901e+00 3.296703e-01 1.098901e+00 3.846154e-01
 10  10 1.098901e+00 3.296703e-01 1.098901e+00 3.846154e-01
